653349552
653284328
653978735
653138784
653884668
653976412
653479237
654865733
654242293
654122416
654536992
654934887
654446232
654885477
655898639
655344484
655989939
655719674
655942858
655376534
655844378
656897596
656951827
656186344
656188741
656769994
656716137
656463572
657441846
657126465
657588434
657118211
657961716
657882453
657949913
658279689
658615868
658579152
658627463
658924969
658616247
658229141
659721941
659321546
659232693
659965163
659936345
659695699
659582762
660465538
660773349
660287968
660923937
660562166
660499579
660249476
661111185
661789532
661761339
661139184
661572525
661499324
661898414
